40.415027584931174 -3.408989747889309 44.990198874165557 3.589922924610985 40.616415212228013 -3.371159215217939 40.470495225432281 -3.522565477917330 40.423661662220830 -3.529458546913645 40.397156787449873 -3.447645731390042 40.415027584931174 -3.408989747889309 
40.180773307271856 -3.529138618774750 40.415027584931174 -3.408989747889309 40.397156787449873 -3.447645731390042 40.382956341472116 -3.475843012218119 40.345813537607214 -3.493358108536271 40.180773307271856 -3.529138618774750 
40.014397470322486 -3.585383352555857 40.180773307271856 -3.529138618774750 40.345813537607214 -3.493358108536271 40.322313720596320 -3.565994771359497 40.224416117842765 -3.608755328620528 40.134591029673565 -3.604131007836010 40.014397470322486 -3.585383352555857 
39.876928374226246 -3.580581577367507 40.014397470322486 -3.585383352555857 40.134591029673565 -3.604131007836010 40.137094817225744 -3.605900322562501 40.312020161770981 -3.750794577996800 40.310789741303239 -3.753799653838237 40.308705854729979 -3.756476176513235 39.876928374226246 -3.580581577367507 
38.450434892024134 -3.511762781847802 39.876928374226246 -3.580581577367507 40.308705854729979 -3.756476176513235 40.303629027329059 -3.771513673966617 40.212365261107095 -3.765752482648296 38.450434892024134 -3.511762781847802 
40.327685063887444 -3.872052542207606 40.317010381856733 -3.866449515821159 40.318605517321679 -3.843180970171481 40.322377542703947 -3.839732070373701 40.328480681592929 -3.870586426401603 40.327685063887444 -3.872052542207606 
40.300331275168467 -3.796453361773115 40.212365261107095 -3.765752482648296 40.303629027329059 -3.771513673966617 40.315220554434113 -3.792818126455515 40.317080392762520 -3.797894562871267 40.300331275168467 -3.796453361773115 
40.254161281974824 -3.812003788349475 40.300331275168467 -3.796453361773115 40.317080392762520 -3.797894562871267 40.317950971820949 -3.798990932931315 40.317043676175750 -3.808405822843266 40.254161281974824 -3.812003788349475 
40.318605517321679 -3.843180970171481 39.770175313131418 -4.097683907030736 40.317390483279354 -3.813190519062260 40.322638365286622 -3.823128312577448 40.324598311634134 -3.826910154527311 40.325322256836408 -3.833433215430952 40.324422106932936 -3.837225675526404 40.322377542703947 -3.839732070373701 40.318605517321679 -3.843180970171481 
40.317390483279354 -3.813190519062260 40.317043676175750 -3.808405822843266 40.317950971820949 -3.798990932931315 40.318574798573778 -3.798740872437968 40.334783907804258 -3.794677465585626 40.350515050440400 -3.809409169204716 40.322638365286622 -3.823128312577448 40.317390483279354 -3.813190519062260 
40.317950971820949 -3.798990932931315 40.317080392762520 -3.797894562871267 40.315220554434113 -3.792818126455515 40.329335146384487 -3.764278394238906 40.338884352725671 -3.762403103422405 40.340250854506046 -3.762820346796960 40.318574798573778 -3.798740872437968 40.317950971820949 -3.798990932931315 
40.328480681592929 -3.870586426401603 40.322377542703947 -3.839732070373701 40.324422106932936 -3.837225675526404 40.342743086339325 -3.859662601625759 40.328480681592929 -3.870586426401603 
40.322313720596320 -3.565994771359497 40.345813537607214 -3.493358108536271 40.382956341472116 -3.475843012218119 40.382039623090463 -3.505234282856808 40.330237800089101 -3.563824627326018 40.322313720596320 -3.565994771359497 
40.224416117842765 -3.608755328620528 40.322313720596320 -3.565994771359497 40.330237800089101 -3.563824627326018 40.384042781219051 -3.571684181972018 40.383110451664990 -3.585358284700532 40.291830434534965 -3.630631259688376 40.279677694266738 -3.628380107060153 40.224416117842765 -3.608755328620528 
40.134591029673565 -3.604131007836010 40.224416117842765 -3.608755328620528 40.279677694266738 -3.628380107060153 40.332607828256300 -3.701138672236688 40.332066281422293 -3.706879104283768 40.318846730710383 -3.715745544835237 40.222290736063634 -3.662570932742433 40.137094817225744 -3.605900322562501 40.134591029673565 -3.604131007836010 
40.303629027329059 -3.771513673966617 40.308705854729979 -3.756476176513235 40.310789741303239 -3.753799653838237 40.329335146384487 -3.764278394238906 40.315220554434113 -3.792818126455515 40.303629027329059 -3.771513673966617 
40.384042781219051 -3.571684181972018 40.330237800089101 -3.563824627326018 40.382039623090463 -3.505234282856808 40.391393538017880 -3.528967715126630 40.397266608718411 -3.552394815707082 40.395563823588937 -3.559367147291927 40.393302638383943 -3.565116234614653 40.384042781219051 -3.571684181972018 
40.383110451664990 -3.585358284700532 40.384042781219051 -3.571684181972018 40.393302638383943 -3.565116234614653 40.418709109685615 -3.585205908867336 40.416029841059938 -3.593405265879718 40.388530113111067 -3.604104681329279 40.387503410528709 -3.603224220044257 40.384233749431424 -3.597404840579734 40.383110451664990 -3.585358284700532 
40.279677694266738 -3.628380107060153 40.291830434534965 -3.630631259688376 40.309527092453379 -3.634728505325575 40.317523253373857 -3.637601887314375 40.345647045700531 -3.649270314314300 40.348658129521439 -3.701405203279314 40.332607828256300 -3.701138672236688 40.279677694266738 -3.628380107060153 
40.291830434534965 -3.630631259688376 40.383110451664990 -3.585358284700532 40.384233749431424 -3.597404840579734 40.309527092453379 -3.634728505325575 40.291830434534965 -3.630631259688376 
40.382039623090463 -3.505234282856808 40.382956341472116 -3.475843012218119 40.397156787449873 -3.447645731390042 40.423661662220830 -3.529458546913645 40.423407905161248 -3.529663417327084 40.391393538017880 -3.528967715126630 40.382039623090463 -3.505234282856808 
40.393302638383943 -3.565116234614653 40.395563823588937 -3.559367147291927 40.447086316941295 -3.567329673803436 40.441215746495594 -3.578633400766237 40.440375643226332 -3.579682024179358 40.425378119771963 -3.584961389636799 40.418709109685615 -3.585205908867336 40.393302638383943 -3.565116234614653 
40.397266608718411 -3.552394815707082 40.391393538017880 -3.528967715126630 40.423407905161248 -3.529663417327084 40.421987032166605 -3.540666857679587 40.403843013650260 -3.550883328838867 40.397266608718411 -3.552394815707082 
40.395563823588937 -3.559367147291927 40.397266608718411 -3.552394815707082 40.403843013650260 -3.550883328838867 40.449613364043792 -3.555766077172338 40.447583877795765 -3.566686226385206 40.447086316941295 -3.567329673803436 40.395563823588937 -3.559367147291927 
40.441215746495594 -3.578633400766237 40.471392383831159 -3.598743897189152 40.463145277424452 -3.602617146977817 40.445883187306663 -3.597681300966381 40.440375643226332 -3.579682024179358 40.441215746495594 -3.578633400766237 
40.471392383831159 -3.598743897189152 40.441215746495594 -3.578633400766237 40.447086316941295 -3.567329673803436 40.447583877795765 -3.566686226385206 40.467207024912767 -3.578527642377477 40.472747752094399 -3.598455478136733 40.471392383831159 -3.598743897189152 
40.467207024912767 -3.578527642377477 40.447583877795765 -3.566686226385206 40.449613364043792 -3.555766077172338 40.458169103973553 -3.538543690904245 40.470495225432281 -3.522565477917330 40.616415212228013 -3.371159215217939 40.551331632602242 -3.512612949864009 40.504943750455212 -3.557830780752370 40.467207024912767 -3.578527642377477 
40.472747752094399 -3.598455478136733 40.467207024912767 -3.578527642377477 40.504943750455212 -3.557830780752370 40.476754177809042 -3.599868304913465 40.472747752094399 -3.598455478136733 
40.471392383831159 -3.598743897189152 40.472747752094399 -3.598455478136733 40.476754177809042 -3.599868304913465 40.491259367254330 -3.617476054965471 40.477261598324517 -3.623809917024865 40.473853784683911 -3.624661623306062 40.456248368997571 -3.624582843050568 40.456045688685229 -3.624143725090453 40.455723059066052 -3.615967819053796 40.463145277424452 -3.602617146977817 40.471392383831159 -3.598743897189152 
40.476754177809042 -3.599868304913465 40.504943750455212 -3.557830780752370 40.551331632602242 -3.512612949864009 40.529404843985709 -3.594492394426850 40.525627784343435 -3.601835757960680 40.504109466116390 -3.622272053419375 40.491259367254330 -3.617476054965471 40.476754177809042 -3.599868304913465 
40.338884352725671 -3.762403103422405 40.329335146384487 -3.764278394238906 40.310789741303239 -3.753799653838237 40.312020161770981 -3.750794577996800 40.312030013635344 -3.750783427687215 40.323166663803896 -3.743471039927208 40.338884352725671 -3.762403103422405 
40.338884352725671 -3.762403103422405 40.323166663803896 -3.743471039927208 40.323503938600645 -3.743021844184239 40.352243253460159 -3.747376284735580 40.350109431628297 -3.762219505607189 40.340250854506046 -3.762820346796960 40.338884352725671 -3.762403103422405 
40.323166663803896 -3.743471039927208 40.312030013635344 -3.750783427687215 40.304827551070133 -3.725607649840595 40.320824446296385 -3.728154169617790 40.323871611158623 -3.741425580917559 40.323503938600645 -3.743021844184239 40.323166663803896 -3.743471039927208 
40.312030013635344 -3.750783427687215 40.312020161770981 -3.750794577996800 40.137094817225744 -3.605900322562501 40.222290736063634 -3.662570932742433 40.304827551070133 -3.725607649840595 40.312030013635344 -3.750783427687215 
40.323503938600645 -3.743021844184239 40.323871611158623 -3.741425580917559 40.345884575011404 -3.725640041463106 40.356674026086452 -3.727396894741517 40.357027372235628 -3.739482981758777 40.352243253460159 -3.747376284735580 40.323503938600645 -3.743021844184239 
40.320824446296385 -3.728154169617790 40.304827551070133 -3.725607649840595 40.222290736063634 -3.662570932742433 40.318846730710383 -3.715745544835237 40.321996548780177 -3.725414474062504 40.320824446296385 -3.728154169617790 
40.323871611158623 -3.741425580917559 40.320824446296385 -3.728154169617790 40.321996548780177 -3.725414474062504 40.336580451118003 -3.719231913446839 40.345884575011404 -3.725640041463106 40.323871611158623 -3.741425580917559 
40.342743086339325 -3.859662601625759 40.324422106932936 -3.837225675526404 40.325322256836408 -3.833433215430952 40.438870342947219 -3.860524714936381 40.476364495883793 -3.881149830996256 40.532646375666452 -3.919622953637723 40.572794139506954 -3.968147871003346 40.342743086339325 -3.859662601625759 
40.438870342947219 -3.860524714936381 40.325322256836408 -3.833433215430952 40.324598311634134 -3.826910154527311 40.327840858700604 -3.826127322951070 40.385532420952195 -3.823935145662360 40.438870342947219 -3.860524714936381 
40.532646375666452 -3.919622953637723 40.476364495883793 -3.881149830996256 40.416673550529765 -3.813098152713780 40.388944525765240 -3.773351315718949 40.389759259954069 -3.772787839331066 40.404681649697856 -3.767785333918116 40.405008002528056 -3.767934728374619 40.472836630866261 -3.799165277323836 40.532646375666452 -3.919622953637723 
40.476364495883793 -3.881149830996256 40.438870342947219 -3.860524714936381 40.385532420952195 -3.823935145662360 40.374149421552275 -3.813188594956617 40.362906998991356 -3.793213084744215 40.372847564571231 -3.778877481745782 40.416673550529765 -3.813098152713780 40.476364495883793 -3.881149830996256 
40.324598311634134 -3.826910154527311 40.322638365286622 -3.823128312577448 40.350515050440400 -3.809409169204716 40.354777972433467 -3.812965171475937 40.327840858700604 -3.826127322951070 40.324598311634134 -3.826910154527311 
40.418709109685615 -3.585205908867336 40.425378119771963 -3.584961389636799 40.431127130450982 -3.602533071542254 40.428903791767070 -3.607022778007152 40.415915869266243 -3.605017517498305 40.415558033412978 -3.603758876663725 40.416029841059938 -3.593405265879718 40.418709109685615 -3.585205908867336 
40.425378119771963 -3.584961389636799 40.440375643226332 -3.579682024179358 40.445883187306663 -3.597681300966381 40.443141339847308 -3.603169745717697 40.431127130450982 -3.602533071542254 40.425378119771963 -3.584961389636799 
40.309527092453379 -3.634728505325575 40.384233749431424 -3.597404840579734 40.387503410528709 -3.603224220044257 40.380179121536386 -3.612017550740741 40.317523253373857 -3.637601887314375 40.309527092453379 -3.634728505325575 
40.380179121536386 -3.612017550740741 40.387503410528709 -3.603224220044257 40.388530113111067 -3.604104681329279 40.389514468978589 -3.605365636421419 40.391827699158057 -3.609941806690070 40.391764189394813 -3.614970012116832 40.374840148830813 -3.627687000471580 40.380179121536386 -3.612017550740741 
40.317523253373857 -3.637601887314375 40.380179121536386 -3.612017550740741 40.374840148830813 -3.627687000471580 40.369326981145832 -3.636865814459870 40.350292823282416 -3.650623072621953 40.345647045700531 -3.649270314314300 40.317523253373857 -3.637601887314375 
40.332607828256300 -3.701138672236688 40.348658129521439 -3.701405203279314 40.355640474832306 -3.704895197062176 40.364767885382165 -3.714021764033144 40.364762368506291 -3.714059966087715 40.363714832744336 -3.716665945710119 40.357391371961064 -3.726540506240482 40.356674026086452 -3.727396894741517 40.345884575011404 -3.725640041463106 40.336580451118003 -3.719231913446839 40.332066281422293 -3.706879104283768 40.332607828256300 -3.701138672236688 
40.348658129521439 -3.701405203279314 40.345647045700531 -3.649270314314300 40.350292823282416 -3.650623072621953 40.357204782338449 -3.655360446784874 40.357407410145754 -3.655526545489360 40.360824762045759 -3.659113995495376 40.355640474832306 -3.704895197062176 40.348658129521439 -3.701405203279314 
40.449613364043792 -3.555766077172338 40.403843013650260 -3.550883328838867 40.421987032166605 -3.540666857679587 40.458169103973553 -3.538543690904245 40.449613364043792 -3.555766077172338 
40.318846730710383 -3.715745544835237 40.332066281422293 -3.706879104283768 40.336580451118003 -3.719231913446839 40.321996548780177 -3.725414474062504 40.318846730710383 -3.715745544835237 
40.472482666731096 -3.798239474307796 40.472836630866261 -3.799165277323836 40.405008002528056 -3.767934728374619 40.405159431690223 -3.754467103819874 40.465028402910114 -3.789458268256562 40.472482666731096 -3.798239474307796 
40.612877828095897 -3.746927783337998 40.501915413948382 -3.716932720826336 40.493974619825956 -3.707589283626747 40.494664391925696 -3.700967957561710 40.497092922556490 -3.700285276819298 40.504174681639391 -3.701077736598582 40.612523252503379 -3.746638028095877 40.612877828095897 -3.746927783337998 
40.501915413948382 -3.716932720826336 40.492600376184967 -3.720849710241364 40.487493246094502 -3.716214541370793 40.486850726554998 -3.712775629428416 40.493974619825956 -3.707589283626747 40.501915413948382 -3.716932720826336 
40.492600376184967 -3.720849710241364 40.472383333069807 -3.792528386334060 40.468500090377695 -3.749513675473200 40.476222948273673 -3.728151937908376 40.487493246094502 -3.716214541370793 40.492600376184967 -3.720849710241364 
40.472383333069807 -3.792528386334060 40.472482666731096 -3.798239474307796 40.465028402910114 -3.789458268256562 40.440350279667911 -3.755989225449408 40.432515544943307 -3.731939511230382 40.436776951915462 -3.726952586315547 40.442608156167196 -3.720170989464430 40.459441273183856 -3.726743326768511 40.463370587951729 -3.734471682515442 40.468500090377695 -3.749513675473200 40.472383333069807 -3.792528386334060 
40.350515050440400 -3.809409169204716 40.334783907804258 -3.794677465585626 40.347729235299795 -3.789021462337846 40.362906998991356 -3.793213084744215 40.374149421552275 -3.813188594956617 40.354777972433467 -3.812965171475937 40.350515050440400 -3.809409169204716 
40.334783907804258 -3.794677465585626 40.318574798573778 -3.798740872437968 40.340250854506046 -3.762820346796960 40.350109431628297 -3.762219505607189 40.350132539840132 -3.762253687707009 40.347729235299795 -3.789021462337846 40.334783907804258 -3.794677465585626 
40.372847564571231 -3.778877481745782 40.362906998991356 -3.793213084744215 40.347729235299795 -3.789021462337846 40.350132539840132 -3.762253687707009 40.374615315435442 -3.769582482033240 40.374930751453398 -3.770095177918324 40.372847564571231 -3.778877481745782 
40.372847564571231 -3.778877481745782 40.374930751453398 -3.770095177918324 40.381812934718049 -3.770688231743637 40.388944525765240 -3.773351315718949 40.416673550529765 -3.813098152713780 40.372847564571231 -3.778877481745782 
40.374930751453398 -3.770095177918324 40.374615315435442 -3.769582482033240 40.375926350321137 -3.762392395194507 40.380370274889991 -3.755583276498740 40.396367439608177 -3.753509163595265 40.396351163734423 -3.754875812925389 40.381812934718049 -3.770688231743637 40.374930751453398 -3.770095177918324 
40.374615315435442 -3.769582482033240 40.350132539840132 -3.762253687707009 40.350109431628297 -3.762219505607189 40.352243253460159 -3.747376284735580 40.357027372235628 -3.739482981758777 40.363378721249255 -3.742828517292046 40.375926350321137 -3.762392395194507 40.374615315435442 -3.769582482033240 
40.327840858700604 -3.826127322951070 40.354777972433467 -3.812965171475937 40.374149421552275 -3.813188594956617 40.385532420952195 -3.823935145662360 40.327840858700604 -3.826127322951070 
40.445883187306663 -3.597681300966381 40.463145277424452 -3.602617146977817 40.455723059066052 -3.615967819053796 40.443062552785747 -3.607836873702441 40.443141339847308 -3.603169745717697 40.445883187306663 -3.597681300966381 
40.458169103973553 -3.538543690904245 40.421987032166605 -3.540666857679587 40.423407905161248 -3.529663417327084 40.423661662220830 -3.529458546913645 40.470495225432281 -3.522565477917330 40.458169103973553 -3.538543690904245 
40.569051876068052 -3.706412343865614 40.612523252503379 -3.746638028095877 40.504174681639391 -3.701077736598582 40.506881592995484 -3.681114975761997 40.531536220895745 -3.683995231229105 40.532017150884663 -3.684145180144050 40.569051876068052 -3.706412343865614 
40.569051876068052 -3.706412343865614 40.532017150884663 -3.684145180144050 40.517825072976528 -3.643190479468434 40.536067472464751 -3.646639363703006 40.539591472809100 -3.648870105525268 40.569051876068052 -3.706412343865614 
40.506881592995484 -3.681114975761997 40.504174681639391 -3.701077736598582 40.497092922556490 -3.700285276819298 40.504762213427391 -3.680528886260708 40.506881592995484 -3.681114975761997 
40.531536220895745 -3.683995231229105 40.506881592995484 -3.681114975761997 40.504762213427391 -3.680528886260708 40.495663885699358 -3.675376127223357 40.495359983813181 -3.674859026648632 40.496227558651064 -3.665591983714926 40.497478884679438 -3.652402847735095 40.497554621846469 -3.652254860156813 40.499661832228789 -3.649536956760115 40.531536220895745 -3.683995231229105 
40.532017150884663 -3.684145180144050 40.531536220895745 -3.683995231229105 40.499661832228789 -3.649536956760115 40.505852874715394 -3.635968169327570 40.517825072976528 -3.643190479468434 40.532017150884663 -3.684145180144050 
40.392220514715611 -3.712288673118238 40.397019453241377 -3.706855977170052 40.407347835425519 -3.718693173627783 40.407889939839762 -3.719762569969456 40.405716242061288 -3.722950879241741 40.392935331901789 -3.716265662056203 40.392220514715611 -3.712288673118238 
40.397019453241377 -3.706855977170052 40.392220514715611 -3.712288673118238 40.375205298806186 -3.708552555374122 40.379611886975056 -3.703738104749890 40.391310345568613 -3.699843163379332 40.397309329721821 -3.701908025811563 40.397365064264363 -3.705661743730484 40.397019453241377 -3.706855977170052 
40.392220514715611 -3.712288673118238 40.392935331901789 -3.716265662056203 40.392439237942327 -3.717075577754045 40.372159973109071 -3.716949829015753 40.364762368506291 -3.714059966087715 40.364767885382165 -3.714021764033144 40.365594791776303 -3.713181397513634 40.368499590686461 -3.711418835278257 40.375205298806186 -3.708552555374122 40.392220514715611 -3.712288673118238 
40.407889939839762 -3.719762569969456 40.407347835425519 -3.718693173627783 40.406560639603448 -3.708131967256544 40.409472101589699 -3.706042119318082 40.415261801970544 -3.714541630880584 40.415361381991545 -3.715217680919447 40.414089066105277 -3.717133676638702 40.407889939839762 -3.719762569969456 
40.405716242061288 -3.722950879241741 40.407889939839762 -3.719762569969456 40.414089066105277 -3.717133676638702 40.422816938642228 -3.726092913889414 40.422852584684051 -3.726129692679868 40.424566919223345 -3.727907538571217 40.412728141959029 -3.731453200704362 40.404697335499684 -3.728723940655624 40.405716242061288 -3.722950879241741 
40.392935331901789 -3.716265662056203 40.405716242061288 -3.722950879241741 40.404697335499684 -3.728723940655624 40.402306979544854 -3.731308951944058 40.400768015267431 -3.731251371660691 40.398913829102931 -3.730076616655846 40.391753633963084 -3.725505569654701 40.392374854484864 -3.717183060451718 40.392439237942327 -3.717075577754045 40.392935331901789 -3.716265662056203 
40.407347835425519 -3.718693173627783 40.397019453241377 -3.706855977170052 40.397365064264363 -3.705661743730484 40.406560639603448 -3.708131967256544 40.407347835425519 -3.718693173627783 
40.392439237942327 -3.717075577754045 40.392374854484864 -3.717183060451718 40.383549924322864 -3.721453381619109 40.372159973109071 -3.716949829015753 40.392439237942327 -3.717075577754045 
40.383549924322864 -3.721453381619109 40.392374854484864 -3.717183060451718 40.391753633963084 -3.725505569654701 40.387394426486914 -3.726342372912193 40.383549924322864 -3.721453381619109 
40.372159973109071 -3.716949829015753 40.383549924322864 -3.721453381619109 40.387394426486914 -3.726342372912193 40.385789026426764 -3.729993756057978 40.384406687332138 -3.733083439931068 40.363714832744336 -3.716665945710119 40.364762368506291 -3.714059966087715 40.372159973109071 -3.716949829015753 
40.365594791776303 -3.713181397513634 40.364767885382165 -3.714021764033144 40.355640474832306 -3.704895197062176 40.360824762045759 -3.659113995495376 40.364251298924145 -3.661872562737742 40.368078984366797 -3.665495080292431 40.365594791776303 -3.713181397513634 
40.368499590686461 -3.711418835278257 40.365594791776303 -3.713181397513634 40.368078984366797 -3.665495080292431 40.375178229119790 -3.670028744327948 40.379832820000679 -3.677396300056696 40.368499590686461 -3.711418835278257 
40.375205298806186 -3.708552555374122 40.368499590686461 -3.711418835278257 40.379832820000679 -3.677396300056696 40.381105065793115 -3.678857780094490 40.383725988944192 -3.685422754416436 40.379611886975056 -3.703738104749890 40.375205298806186 -3.708552555374122 
40.388944525765240 -3.773351315718949 40.381812934718049 -3.770688231743637 40.396351163734423 -3.754875812925389 40.398127296549873 -3.760050964291391 40.389759259954069 -3.772787839331066 40.388944525765240 -3.773351315718949 
40.398127296549873 -3.760050964291391 40.396351163734423 -3.754875812925389 40.396367439608177 -3.753509163595265 40.396680113444951 -3.752908840496680 40.400837256495478 -3.751921118469080 40.405159431690223 -3.754467103819874 40.405008002528056 -3.767934728374619 40.404681649697856 -3.767785333918116 40.398127296549873 -3.760050964291391 
40.389759259954069 -3.772787839331066 40.398127296549873 -3.760050964291391 40.404681649697856 -3.767785333918116 40.389759259954069 -3.772787839331066 
40.396367439608177 -3.753509163595265 40.380370274889991 -3.755583276498740 40.379765497534216 -3.744870043431602 40.381546892714475 -3.743283438524094 40.395797432542764 -3.751014425227163 40.396680113444951 -3.752908840496680 40.396367439608177 -3.753509163595265 
40.380370274889991 -3.755583276498740 40.375926350321137 -3.762392395194507 40.363378721249255 -3.742828517292046 40.379765497534216 -3.744870043431602 40.380370274889991 -3.755583276498740 
40.391764189394813 -3.614970012116832 40.393950454537723 -3.627348624144168 40.393289963444609 -3.628514154365164 40.369326981145832 -3.636865814459870 40.374840148830813 -3.627687000471580 40.391764189394813 -3.614970012116832 
40.393950454537723 -3.627348624144168 40.391764189394813 -3.614970012116832 40.391827699158057 -3.609941806690070 40.411561612376886 -3.616415293551366 40.410455110806396 -3.626780030417000 40.393950454537723 -3.627348624144168 
40.369326981145832 -3.636865814459870 40.393289963444609 -3.628514154365164 40.396591281277104 -3.638439844641404 40.357204782338449 -3.655360446784874 40.350292823282416 -3.650623072621953 40.369326981145832 -3.636865814459870 
40.393289963444609 -3.628514154365164 40.393950454537723 -3.627348624144168 40.410455110806396 -3.626780030417000 40.413313913019607 -3.631157231038936 40.399132675563173 -3.641141622584513 40.396591281277104 -3.638439844641404 40.393289963444609 -3.628514154365164 
40.411561612376886 -3.616415293551366 40.391827699158057 -3.609941806690070 40.389514468978589 -3.605365636421419 40.415558033412978 -3.603758876663725 40.415915869266243 -3.605017517498305 40.414384909510645 -3.613702541443773 40.411561612376886 -3.616415293551366 
40.410455110806396 -3.626780030417000 40.411561612376886 -3.616415293551366 40.414384909510645 -3.613702541443773 40.424194183058738 -3.617222105343616 40.425932327144935 -3.619317921038541 40.423816255105862 -3.628599360957649 40.422207385153470 -3.630264079448167 40.415341393151458 -3.632604598641532 40.413313913019607 -3.631157231038936 40.410455110806396 -3.626780030417000 
40.436790485884693 -3.619318863868169 40.425932327144935 -3.619317921038541 40.424194183058738 -3.617222105343616 40.429489599380723 -3.608505444410223 40.437837583005276 -3.614004518031117 40.437385427688824 -3.618646532554096 40.436790485884693 -3.619318863868169 
40.425932327144935 -3.619317921038541 40.436790485884693 -3.619318863868169 40.436042573545478 -3.627896106503653 40.423816255105862 -3.628599360957649 40.425932327144935 -3.619317921038541 
40.436042573545478 -3.627896106503653 40.436790485884693 -3.619318863868169 40.437385427688824 -3.618646532554096 40.456045688685229 -3.624143725090453 40.456248368997571 -3.624582843050568 40.452647597759622 -3.634028617341418 40.437250893129423 -3.630218506653057 40.436042573545478 -3.627896106503653 
40.423816255105862 -3.628599360957649 40.436042573545478 -3.627896106503653 40.437250893129423 -3.630218506653057 40.434799131085342 -3.635078932241305 40.429523586536924 -3.636288592963796 40.422207385153470 -3.630264079448167 40.423816255105862 -3.628599360957649 
40.431127130450982 -3.602533071542254 40.443141339847308 -3.603169745717697 40.443062552785747 -3.607836873702441 40.437837583005276 -3.614004518031117 40.429489599380723 -3.608505444410223 40.428903791767070 -3.607022778007152 40.431127130450982 -3.602533071542254 
40.414384909510645 -3.613702541443773 40.415915869266243 -3.605017517498305 40.428903791767070 -3.607022778007152 40.429489599380723 -3.608505444410223 40.424194183058738 -3.617222105343616 40.414384909510645 -3.613702541443773 
40.504762213427391 -3.680528886260708 40.497092922556490 -3.700285276819298 40.494664391925696 -3.700967957561710 40.487307727247845 -3.695748346959832 40.486578861823602 -3.694465232987604 40.495663885699358 -3.675376127223357 40.504762213427391 -3.680528886260708 
40.495359983813181 -3.674859026648632 40.495663885699358 -3.675376127223357 40.486578861823602 -3.694465232987604 40.480039216390722 -3.693133313881526 40.476195316887647 -3.688927289494617 40.476038385447595 -3.688290514971599 40.479152143227864 -3.680344156005913 40.493510256325962 -3.674885846419785 40.495359983813181 -3.674859026648632 
40.496227558651064 -3.665591983714926 40.495359983813181 -3.674859026648632 40.493510256325962 -3.674885846419785 40.474685365511682 -3.668344223296618 40.478098360914267 -3.665487591777715 40.496227558651064 -3.665591983714926 
40.497554621846469 -3.652254860156813 40.497478884679438 -3.652402847735095 40.491021659568446 -3.654571270314889 40.469109575984056 -3.657754174414072 40.474877212505156 -3.646862335896101 40.497554621846469 -3.652254860156813 
40.499661832228789 -3.649536956760115 40.497554621846469 -3.652254860156813 40.474877212505156 -3.646862335896101 40.473462288344791 -3.643098944767186 40.504550259534902 -3.628586586189335 40.505852874715394 -3.635968169327570 40.499661832228789 -3.649536956760115 
40.497478884679438 -3.652402847735095 40.496227558651064 -3.665591983714926 40.478098360914267 -3.665487591777715 40.491021659568446 -3.654571270314889 40.497478884679438 -3.652402847735095 
40.517825072976528 -3.643190479468434 40.505852874715394 -3.635968169327570 40.504550259534902 -3.628586586189335 40.504109466116390 -3.622272053419375 40.525627784343435 -3.601835757960680 40.540532218611311 -3.624405169189640 40.536067472464751 -3.646639363703006 40.517825072976528 -3.643190479468434 
40.504109466116390 -3.622272053419375 40.504550259534902 -3.628586586189335 40.473462288344791 -3.643098944767186 40.472627703031833 -3.642504716466567 40.477261598324517 -3.623809917024865 40.491259367254330 -3.617476054965471 40.504109466116390 -3.622272053419375 
40.536067472464751 -3.646639363703006 40.540532218611311 -3.624405169189640 40.548742096238001 -3.629895286893264 40.550164294273330 -3.638330872752131 40.539591472809100 -3.648870105525268 40.536067472464751 -3.646639363703006 
40.540532218611311 -3.624405169189640 40.525627784343435 -3.601835757960680 40.529404843985709 -3.594492394426850 40.566597202465182 -3.623739590531301 40.548742096238001 -3.629895286893264 40.540532218611311 -3.624405169189640 
40.406560639603448 -3.708131967256544 40.397365064264363 -3.705661743730484 40.397309329721821 -3.701908025811563 40.398199779066900 -3.700925156248337 40.398369494272437 -3.700871042689915 40.409794556506490 -3.704466248782173 40.409472101589699 -3.706042119318082 40.406560639603448 -3.708131967256544 
40.391310345568613 -3.699843163379332 40.379611886975056 -3.703738104749890 40.383725988944192 -3.685422754416436 40.386768088435900 -3.688382678086708 40.388718611857442 -3.693237128208486 40.391310345568613 -3.699843163379332 
40.397309329721821 -3.701908025811563 40.391310345568613 -3.699843163379332 40.388718611857442 -3.693237128208486 40.397512566521215 -3.694412065380364 40.398199779066900 -3.700925156248337 40.397309329721821 -3.701908025811563 
40.391753633963084 -3.725505569654701 40.398913829102931 -3.730076616655846 40.385789026426764 -3.729993756057978 40.387394426486914 -3.726342372912193 40.391753633963084 -3.725505569654701 
40.385789026426764 -3.729993756057978 40.398913829102931 -3.730076616655846 40.400768015267431 -3.731251371660691 40.394172855705605 -3.734139566989898 40.384739820190198 -3.734559613013814 40.384406687332138 -3.733083439931068 40.385789026426764 -3.729993756057978 
40.402306979544854 -3.731308951944058 40.404697335499684 -3.728723940655624 40.412728141959029 -3.731453200704362 40.420188437240768 -3.746122785919984 40.415455180664303 -3.745433685386215 40.405094638728599 -3.737629920376267 40.402427075860835 -3.732311622415381 40.402306979544854 -3.731308951944058 
40.400768015267431 -3.731251371660691 40.402306979544854 -3.731308951944058 40.402427075860835 -3.732311622415381 40.395538670814894 -3.745937666270628 40.391954815191482 -3.741431565625983 40.394172855705605 -3.734139566989898 40.400768015267431 -3.731251371660691 
40.384406687332138 -3.733083439931068 40.384739820190198 -3.734559613013814 40.383092862703435 -3.738340598698419 40.357391371961064 -3.726540506240482 40.363714832744336 -3.716665945710119 40.384406687332138 -3.733083439931068 
40.384739820190198 -3.734559613013814 40.394172855705605 -3.734139566989898 40.391954815191482 -3.741431565625983 40.383032189169803 -3.739625222966108 40.383092862703435 -3.738340598698419 40.384739820190198 -3.734559613013814 
40.357391371961064 -3.726540506240482 40.383092862703435 -3.738340598698419 40.383032189169803 -3.739625222966108 40.381546892714475 -3.743283438524094 40.379765497534216 -3.744870043431602 40.363378721249255 -3.742828517292046 40.357027372235628 -3.739482981758777 40.356674026086452 -3.727396894741517 40.357391371961064 -3.726540506240482 
40.389514468978589 -3.605365636421419 40.388530113111067 -3.604104681329279 40.416029841059938 -3.593405265879718 40.415558033412978 -3.603758876663725 40.389514468978589 -3.605365636421419 
40.437837583005276 -3.614004518031117 40.443062552785747 -3.607836873702441 40.455723059066052 -3.615967819053796 40.456045688685229 -3.624143725090453 40.437385427688824 -3.618646532554096 40.437837583005276 -3.614004518031117 
40.486850726554998 -3.712775629428416 40.487493246094502 -3.716214541370793 40.476222948273673 -3.728151937908376 40.476739167487253 -3.720936404358005 40.482828464943786 -3.711090332924554 40.486850726554998 -3.712775629428416 
40.493974619825956 -3.707589283626747 40.486850726554998 -3.712775629428416 40.482828464943786 -3.711090332924554 40.480242074921968 -3.708370916146293 40.487307727247845 -3.695748346959832 40.494664391925696 -3.700967957561710 40.493974619825956 -3.707589283626747 
40.422207385153470 -3.630264079448167 40.429523586536924 -3.636288592963796 40.427445439440952 -3.643440341196121 40.419651129230012 -3.645494676635597 40.416804058874462 -3.642693613090056 40.415341393151458 -3.632604598641532 40.422207385153470 -3.630264079448167 
40.434799131085342 -3.635078932241305 40.437250893129423 -3.630218506653057 40.452647597759622 -3.634028617341418 40.452727444360441 -3.634830858504103 40.449769234240421 -3.643098866995440 40.446890231283540 -3.643317074310447 40.437582956719275 -3.638633724442385 40.435769732721781 -3.637707266388724 40.434799131085342 -3.635078932241305 
40.429523586536924 -3.636288592963796 40.434799131085342 -3.635078932241305 40.435769732721781 -3.637707266388724 40.434135907081824 -3.642736954087549 40.430597517010519 -3.644633633179268 40.427445439440952 -3.643440341196121 40.429523586536924 -3.636288592963796 
40.466100047392821 -3.640539287128045 40.471351226593619 -3.629808153456066 40.471233060583181 -3.642312334573076 40.467007785891639 -3.641744223548787 40.466100047392821 -3.640539287128045 
40.471351226593619 -3.629808153456066 40.466100047392821 -3.640539287128045 40.452727444360441 -3.634830858504103 40.452647597759622 -3.634028617341418 40.456248368997571 -3.624582843050568 40.473853784683911 -3.624661623306062 40.471351226593619 -3.629808153456066 
40.452727444360441 -3.634830858504103 40.466100047392821 -3.640539287128045 40.467007785891639 -3.641744223548787 40.463840647419516 -3.651234510094398 40.450866215723664 -3.646708377619150 40.449769234240421 -3.643098866995440 40.452727444360441 -3.634830858504103 
40.471351226593619 -3.629808153456066 40.473853784683911 -3.624661623306062 40.477261598324517 -3.623809917024865 40.472627703031833 -3.642504716466567 40.471233060583181 -3.642312334573076 40.471351226593619 -3.629808153456066 
40.395538670814894 -3.745937666270628 40.395797432542764 -3.751014425227163 40.381546892714475 -3.743283438524094 40.383032189169803 -3.739625222966108 40.391954815191482 -3.741431565625983 40.395538670814894 -3.745937666270628 
40.395797432542764 -3.751014425227163 40.395538670814894 -3.745937666270628 40.402427075860835 -3.732311622415381 40.405094638728599 -3.737629920376267 40.402916472677518 -3.749886377028084 40.400837256495478 -3.751921118469080 40.396680113444951 -3.752908840496680 40.395797432542764 -3.751014425227163 
40.440350279667911 -3.755989225449408 40.465028402910114 -3.789458268256562 40.405159431690223 -3.754467103819874 40.400837256495478 -3.751921118469080 40.402916472677518 -3.749886377028084 40.415455180664303 -3.745433685386215 40.420188437240768 -3.746122785919984 40.440350279667911 -3.755989225449408 
40.440350279667911 -3.755989225449408 40.420188437240768 -3.746122785919984 40.412728141959029 -3.731453200704362 40.424566919223345 -3.727907538571217 40.430597443282430 -3.729741135311926 40.432515544943307 -3.731939511230382 40.440350279667911 -3.755989225449408 
40.415455180664303 -3.745433685386215 40.402916472677518 -3.749886377028084 40.405094638728599 -3.737629920376267 40.415455180664303 -3.745433685386215 
40.430597443282430 -3.729741135311926 40.424566919223345 -3.727907538571217 40.422852584684051 -3.726129692679868 40.422979634039194 -3.714198359198196 40.424922538197293 -3.714697706325860 40.427848718868653 -3.717243346129638 40.430118608738148 -3.722159637115658 40.430597443282430 -3.729741135311926 
40.432515544943307 -3.731939511230382 40.430597443282430 -3.729741135311926 40.430118608738148 -3.722159637115658 40.431972811790388 -3.719801727021807 40.436804966117563 -3.713821231951139 40.436915831370570 -3.713900799647535 40.436776951915462 -3.726952586315547 40.432515544943307 -3.731939511230382 
40.413313913019607 -3.631157231038936 40.415341393151458 -3.632604598641532 40.416804058874462 -3.642693613090056 40.402602086196580 -3.649218724224334 40.400356349911739 -3.646683261970200 40.399132675563173 -3.641141622584513 40.413313913019607 -3.631157231038936 
40.486578861823602 -3.694465232987604 40.487307727247845 -3.695748346959832 40.480242074921968 -3.708370916146293 40.472416410579356 -3.707777248551166 40.471952058329769 -3.707564295033141 40.468991237067520 -3.704777657195198 40.469140814114283 -3.704280326905912 40.480039216390722 -3.693133313881526 40.486578861823602 -3.694465232987604 
40.480242074921968 -3.708370916146293 40.482828464943786 -3.711090332924554 40.476739167487253 -3.720936404358005 40.472416410579356 -3.707777248551166 40.480242074921968 -3.708370916146293 
40.493510256325962 -3.674885846419785 40.479152143227864 -3.680344156005913 40.474099962490314 -3.676514888269347 40.472000685588924 -3.669621844286612 40.472054349646392 -3.668332527347391 40.474685365511682 -3.668344223296618 40.493510256325962 -3.674885846419785 
40.476195316887647 -3.688927289494617 40.480039216390722 -3.693133313881526 40.469140814114283 -3.704280326905912 40.467910410348544 -3.699677799624430 40.469235427548291 -3.691561094061556 40.476195316887647 -3.688927289494617 
40.479152143227864 -3.680344156005913 40.476038385447595 -3.688290514971599 40.475570116952767 -3.687920856024327 40.475510321224533 -3.687873314381356 40.473887080659054 -3.686573422437229 40.473987258607060 -3.676662416942677 40.474099962490314 -3.676514888269347 40.479152143227864 -3.680344156005913 
40.476038385447595 -3.688290514971599 40.476195316887647 -3.688927289494617 40.469235427548291 -3.691561094061556 40.464650228655294 -3.689631274567886 40.464507621577532 -3.687855019058570 40.475570116952767 -3.687920856024327 40.476038385447595 -3.688290514971599 
40.388718611857442 -3.693237128208486 40.386768088435900 -3.688382678086708 40.397233055818532 -3.691546820981512 40.397512566521215 -3.694412065380364 40.388718611857442 -3.693237128208486 
40.386768088435900 -3.688382678086708 40.383725988944192 -3.685422754416436 40.381105065793115 -3.678857780094490 40.400304888007561 -3.683023718538689 40.401853957042967 -3.685322054278802 40.401820517692911 -3.685933102689651 40.397233055818532 -3.691546820981512 40.386768088435900 -3.688382678086708 
40.381105065793115 -3.678857780094490 40.379832820000679 -3.677396300056696 40.375178229119790 -3.670028744327948 40.377950489272777 -3.669641691159845 40.390488441514549 -3.669786954593047 40.398640108913163 -3.672317135890839 40.401753101277485 -3.678410844669187 40.400304888007561 -3.683023718538689 40.381105065793115 -3.678857780094490 
40.424728020581355 -3.692540395780883 40.422064647223252 -3.696256743273173 40.417070772237075 -3.694894946905120 40.415797184525367 -3.692943536464255 40.416801825348877 -3.688733965915781 40.422769034897648 -3.689473002938207 40.424728020581355 -3.692540395780883 
40.422064647223252 -3.696256743273173 40.424728020581355 -3.692540395780883 40.426385246288618 -3.693164564825676 40.427692529078278 -3.696913216192967 40.424900919899741 -3.699521105179737 40.422629136590835 -3.697939405400711 40.422064647223252 -3.696256743273173 
40.426385246288618 -3.693164564825676 40.424728020581355 -3.692540395780883 40.422769034897648 -3.689473002938207 40.424570096857970 -3.687535505328726 40.430892314899019 -3.687560081036484 40.431331800011947 -3.689880847361672 40.427394510822353 -3.692693860786643 40.426385246288618 -3.693164564825676 
40.422064647223252 -3.696256743273173 40.422629136590835 -3.697939405400711 40.421896058270406 -3.698501140945671 40.419769039220306 -3.700108685357375 40.418762616194549 -3.699812979851371 40.418731181313703 -3.699803531047575 40.417165061889172 -3.699318652585913 40.417070772237075 -3.694894946905120 40.422064647223252 -3.696256743273173 
40.427692529078278 -3.696913216192967 40.426385246288618 -3.693164564825676 40.427394510822353 -3.692693860786643 40.430285079790494 -3.694455645493893 40.428621147220255 -3.697189599170289 40.427692529078278 -3.696913216192967 
40.424900919899741 -3.699521105179737 40.427692529078278 -3.696913216192967 40.428621147220255 -3.697189599170289 40.429430495330969 -3.697595928935575 40.429386013836002 -3.700603932100443 40.424922639076613 -3.699712110397321 40.424900919899741 -3.699521105179737 
40.422629136590835 -3.697939405400711 40.424900919899741 -3.699521105179737 40.424922639076613 -3.699712110397321 40.424800619004735 -3.702372917577547 40.422006803194584 -3.702460383575350 40.421854955238622 -3.702463364040347 40.421896058270406 -3.698501140945671 40.422629136590835 -3.697939405400711 
40.417165061889172 -3.699318652585913 40.415857381933847 -3.700780482690408 40.413086014037823 -3.700716496376395 40.411035471382512 -3.695444606389640 40.415797184525367 -3.692943536464255 40.417070772237075 -3.694894946905120 40.417165061889172 -3.699318652585913 
40.415857381933847 -3.700780482690408 40.417165061889172 -3.699318652585913 40.418731181313703 -3.699803531047575 40.418675739270086 -3.705137537519733 40.417316441003713 -3.705426001301538 40.415857381933847 -3.700780482690408 
40.415797184525367 -3.692943536464255 40.411035471382512 -3.695444606389640 40.408827510644855 -3.695355759072432 40.407555435021287 -3.691142560497165 40.415119839281239 -3.685645461863730 40.416801825348877 -3.688733965915781 40.415797184525367 -3.692943536464255 
40.411035471382512 -3.695444606389640 40.413086014037823 -3.700716496376395 40.410287851025046 -3.703574801228840 40.406842900814574 -3.696971302270977 40.408827510644855 -3.695355759072432 40.411035471382512 -3.695444606389640 
40.413086014037823 -3.700716496376395 40.415857381933847 -3.700780482690408 40.417316441003713 -3.705426001301538 40.416787393984407 -3.706083825911272 40.410153626069658 -3.704063311274912 40.410287851025046 -3.703574801228840 40.413086014037823 -3.700716496376395 
40.422979634039194 -3.714198359198196 40.422852584684051 -3.726129692679868 40.422816938642228 -3.726092913889414 40.422943696002271 -3.714188980395252 40.422979634039194 -3.714198359198196 
40.422943696002271 -3.714188980395252 40.422816938642228 -3.726092913889414 40.414089066105277 -3.717133676638702 40.415361381991545 -3.715217680919447 40.421075966873445 -3.713694158017812 40.422943696002271 -3.714188980395252 
40.422979634039194 -3.714198359198196 40.422943696002271 -3.714188980395252 40.421075966873445 -3.713694158017812 40.422496475850203 -3.709439301022911 40.424018572625322 -3.708454098556691 40.427685077401968 -3.710104165338402 40.424922538197293 -3.714697706325860 40.422979634039194 -3.714198359198196 
40.421075966873445 -3.713694158017812 40.415361381991545 -3.715217680919447 40.415261801970544 -3.714541630880584 40.416455795160658 -3.708095772033746 40.421902050551971 -3.708129129418452 40.422496475850203 -3.709439301022911 40.421075966873445 -3.713694158017812 
40.430118608738148 -3.722159637115658 40.427848718868653 -3.717243346129638 40.432480736075334 -3.710981805404561 40.432437632935965 -3.715053027089910 40.431972811790388 -3.719801727021807 40.430118608738148 -3.722159637115658 
40.427848718868653 -3.717243346129638 40.424922538197293 -3.714697706325860 40.427685077401968 -3.710104165338402 40.429770646680090 -3.708420230742365 40.430206099338214 -3.708257170605508 40.433136524585201 -3.709234784315435 40.433615863424166 -3.709414144187154 40.433528735867441 -3.709535909911664 40.432480736075334 -3.710981805404561 40.427848718868653 -3.717243346129638 
40.416804058874462 -3.642693613090056 40.419651129230012 -3.645494676635597 40.420918536946957 -3.654877379095188 40.404701327834921 -3.657077289332332 40.403853910103109 -3.655984818307237 40.402838824487191 -3.652983004953652 40.402602086196580 -3.649218724224334 40.416804058874462 -3.642693613090056 
40.419651129230012 -3.645494676635597 40.427445439440952 -3.643440341196121 40.430597517010519 -3.644633633179268 40.433494281260295 -3.651010068793692 40.424385416623423 -3.657822380234317 40.422877687985590 -3.657511631407305 40.420918536946957 -3.654877379095188 40.419651129230012 -3.645494676635597 
40.469179246555875 -3.682856046577543 40.473887080659054 -3.686573422437229 40.475510321224533 -3.687873314381356 40.464503568939456 -3.687807813659491 40.464016365997061 -3.682478340396010 40.469179246555875 -3.682856046577543 
40.473887080659054 -3.686573422437229 40.469179246555875 -3.682856046577543 40.473987258607060 -3.676662416942677 40.473887080659054 -3.686573422437229 
40.473987258607060 -3.676662416942677 40.469179246555875 -3.682856046577543 40.464016365997061 -3.682478340396010 40.463317027579414 -3.681876464748030 40.463430097881471 -3.681361585515883 40.472000685588924 -3.669621844286612 40.474099962490314 -3.676514888269347 40.473987258607060 -3.676662416942677 
40.475510321224533 -3.687873314381356 40.475570116952767 -3.687920856024327 40.464507621577532 -3.687855019058570 40.464503568939456 -3.687807813659491 40.475510321224533 -3.687873314381356 
40.464503568939456 -3.687807813659491 40.464507621577532 -3.687855019058570 40.464650228655294 -3.689631274567886 40.462069947614907 -3.692604123482646 40.457260579153086 -3.693824113917109 40.456405614794498 -3.682572868039751 40.456523310225066 -3.682507026776721 40.458115534839230 -3.682252219708513 40.463317027579414 -3.681876464748030 40.464016365997061 -3.682478340396010 40.464503568939456 -3.687807813659491 
40.449769234240421 -3.643098866995440 40.450866215723664 -3.646708377619150 40.449050331902505 -3.653972024835775 40.447761824190437 -3.655998179713157 40.439499620697418 -3.656263422273191 40.435715523181976 -3.651377073384184 40.440505615756400 -3.645683638975311 40.446890231283540 -3.643317074310447 40.449769234240421 -3.643098866995440 
40.450866215723664 -3.646708377619150 40.463840647419516 -3.651234510094398 40.468212117035549 -3.658313829196449 40.466978387304117 -3.662178904987391 40.449050331902505 -3.653972024835775 40.450866215723664 -3.646708377619150 
40.463840647419516 -3.651234510094398 40.467007785891639 -3.641744223548787 40.471233060583181 -3.642312334573076 40.472627703031833 -3.642504716466567 40.473462288344791 -3.643098944767186 40.474877212505156 -3.646862335896101 40.469109575984056 -3.657754174414072 40.468212117035549 -3.658313829196449 40.463840647419516 -3.651234510094398 
40.466978387304117 -3.662178904987391 40.468212117035549 -3.658313829196449 40.469109575984056 -3.657754174414072 40.491021659568446 -3.654571270314889 40.478098360914267 -3.665487591777715 40.474685365511682 -3.668344223296618 40.472054349646392 -3.668332527347391 40.466930969609024 -3.662824043179240 40.466978387304117 -3.662178904987391 
40.466978387304117 -3.662178904987391 40.466930969609024 -3.662824043179240 40.460444147805703 -3.667025781397161 40.459650175631324 -3.667224970800527 40.458137911724528 -3.667495804649823 40.448231368659179 -3.659706637809957 40.447761824190437 -3.655998179713157 40.449050331902505 -3.653972024835775 40.466978387304117 -3.662178904987391 
40.466930969609024 -3.662824043179240 40.472054349646392 -3.668332527347391 40.472000685588924 -3.669621844286612 40.463430097881471 -3.681361585515883 40.460444147805703 -3.667025781397161 40.466930969609024 -3.662824043179240 
40.406842900814574 -3.696971302270977 40.410287851025046 -3.703574801228840 40.410153626069658 -3.704063311274912 40.409794556506490 -3.704466248782173 40.398369494272437 -3.700871042689915 40.403316490385734 -3.697826316835687 40.406842900814574 -3.696971302270977 
40.408827510644855 -3.695355759072432 40.406842900814574 -3.696971302270977 40.403316490385734 -3.697826316835687 40.403415768032637 -3.688144989523108 40.407555435021287 -3.691142560497165 40.408827510644855 -3.695355759072432 
40.437690974309234 -3.700938040185184 40.438315198042218 -3.700531119280887 40.441191765095546 -3.700512857016575 40.442606739260526 -3.702192784589511 40.437694603220400 -3.704783586931645 40.437690974309234 -3.700938040185184 
40.438315198042218 -3.700531119280887 40.437690974309234 -3.700938040185184 40.434139427216451 -3.699811928211421 40.434109719348029 -3.699757553405050 40.433244791343540 -3.697334243955155 40.434691246955062 -3.693697857699902 40.435015245260651 -3.693154959450236 40.435681617785079 -3.693030472638780 40.438579047788643 -3.694013032248131 40.438818733688606 -3.694119723860275 40.438315198042218 -3.700531119280887 
40.437690974309234 -3.700938040185184 40.437694603220400 -3.704783586931645 40.437352516589335 -3.708179463579832 40.435644598611823 -3.709241220141458 40.432914382312603 -3.702182207922156 40.434139427216451 -3.699811928211421 40.437690974309234 -3.700938040185184 
40.437694603220400 -3.704783586931645 40.442606739260526 -3.702192784589511 40.444834750635160 -3.704240388466033 40.445095604091847 -3.706594164882463 40.443811241397398 -3.707916485420973 40.437352516589335 -3.708179463579832 40.437694603220400 -3.704783586931645 
40.441191765095546 -3.700512857016575 40.438315198042218 -3.700531119280887 40.438818733688606 -3.694119723860275 40.443907950952301 -3.694038019015596 40.444511367373742 -3.694759566234612 40.441191765095546 -3.700512857016575 
40.442606739260526 -3.702192784589511 40.441191765095546 -3.700512857016575 40.444511367373742 -3.694759566234612 40.448387585878272 -3.696749311012893 40.448418952731217 -3.696765507872510 40.448618474774605 -3.696869345596727 40.445700896890308 -3.702605148170449 40.445673364082367 -3.702658044497852 40.444834750635160 -3.704240388466033 40.442606739260526 -3.702192784589511 
40.443907950952301 -3.694038019015596 40.438818733688606 -3.694119723860275 40.438579047788643 -3.694013032248131 40.441247770192959 -3.685270063112529 40.444604076466661 -3.687772017032549 40.443907950952301 -3.694038019015596 
40.444511367373742 -3.694759566234612 40.443907950952301 -3.694038019015596 40.444604076466661 -3.687772017032549 40.448492719140532 -3.686486656724422 40.448387585878272 -3.696749311012893 40.444511367373742 -3.694759566234612 
40.431223456877007 -3.702661223374196 40.429328671226401 -3.702991497760848 40.429406508825082 -3.700666520741160 40.434109719348029 -3.699757553405050 40.434139427216451 -3.699811928211421 40.432914382312603 -3.702182207922156 40.431223456877007 -3.702661223374196 
40.429328671226401 -3.702991497760848 40.431223456877007 -3.702661223374196 40.433136524585201 -3.709234784315435 40.430206099338214 -3.708257170605508 40.428579997564000 -3.703755415372104 40.429328671226401 -3.702991497760848 
40.433136524585201 -3.709234784315435 40.431223456877007 -3.702661223374196 40.432914382312603 -3.702182207922156 40.435644598611823 -3.709241220141458 40.435600216352547 -3.709290440638441 40.433615863424166 -3.709414144187154 40.433136524585201 -3.709234784315435 
40.428579997564000 -3.703755415372104 40.430206099338214 -3.708257170605508 40.429770646680090 -3.708420230742365 40.425022723679952 -3.706852213372381 40.424658910827539 -3.704480028418315 40.425201031249095 -3.703027998274064 40.428579997564000 -3.703755415372104 
40.429328671226401 -3.702991497760848 40.428579997564000 -3.703755415372104 40.425201031249095 -3.703027998274064 40.424800619004735 -3.702372917577547 40.424922639076613 -3.699712110397321 40.429386013836002 -3.700603932100443 40.429406508825082 -3.700666520741160 40.429328671226401 -3.702991497760848 
40.429770646680090 -3.708420230742365 40.427685077401968 -3.710104165338402 40.424018572625322 -3.708454098556691 40.425022723679952 -3.706852213372381 40.429770646680090 -3.708420230742365 
40.425022723679952 -3.706852213372381 40.424018572625322 -3.708454098556691 40.422496475850203 -3.709439301022911 40.421902050551971 -3.708129129418452 40.421871428605108 -3.708058217490764 40.421151603256263 -3.706302353907130 40.421971298195551 -3.705864220743251 40.424658910827539 -3.704480028418315 40.425022723679952 -3.706852213372381 
40.416787393984407 -3.706083825911272 40.417316441003713 -3.705426001301538 40.418675739270086 -3.705137537519733 40.418707340018912 -3.705131019952541 40.418940123173051 -3.705084051117351 40.421151603256263 -3.706302353907130 40.421871428605108 -3.708058217490764 40.416468146908272 -3.708025126617819 40.416787393984407 -3.706083825911272 
40.410153626069658 -3.704063311274912 40.416787393984407 -3.706083825911272 40.416468146908272 -3.708025126617819 40.416455795160658 -3.708095772033746 40.415261801970544 -3.714541630880584 40.409472101589699 -3.706042119318082 40.409794556506490 -3.704466248782173 40.410153626069658 -3.704063311274912 
40.435644598611823 -3.709241220141458 40.437352516589335 -3.708179463579832 40.443811241397398 -3.707916485420973 40.445147840080168 -3.714634988447595 40.442604224768139 -3.717929097291348 40.436915831370570 -3.713900799647535 40.436804966117563 -3.713821231951139 40.435600216352547 -3.709290440638441 40.435644598611823 -3.709241220141458 
40.433615863424166 -3.709414144187154 40.435600216352547 -3.709290440638441 40.436804966117563 -3.713821231951139 40.431972811790388 -3.719801727021807 40.432437632935965 -3.715053027089910 40.433528735867441 -3.709535909911664 40.433615863424166 -3.709414144187154 
40.403853910103109 -3.655984818307237 40.377950489272777 -3.669641691159845 40.375178229119790 -3.670028744327948 40.368078984366797 -3.665495080292431 40.364251298924145 -3.661872562737742 40.402838824487191 -3.652983004953652 40.403853910103109 -3.655984818307237 
40.377950489272777 -3.669641691159845 40.403853910103109 -3.655984818307237 40.404701327834921 -3.657077289332332 40.405389643600088 -3.661735639076509 40.390488441514549 -3.669786954593047 40.377950489272777 -3.669641691159845 
40.402838824487191 -3.652983004953652 40.364251298924145 -3.661872562737742 40.360824762045759 -3.659113995495376 40.357407410145754 -3.655526545489360 40.400356349911739 -3.646683261970200 40.402602086196580 -3.649218724224334 40.402838824487191 -3.652983004953652 
40.405389643600088 -3.661735639076509 40.404701327834921 -3.657077289332332 40.420918536946957 -3.654877379095188 40.422877687985590 -3.657511631407305 40.420178462564316 -3.662039916942692 40.416973093716273 -3.663530336452258 40.412536022114651 -3.665572884031552 40.405470805449056 -3.661883839882823 40.405389643600088 -3.661735639076509 
40.390488441514549 -3.669786954593047 40.405389643600088 -3.661735639076509 40.405470805449056 -3.661883839882823 40.404505457799644 -3.668169623331218 40.400575483041713 -3.671341171271059 40.398640108913163 -3.672317135890839 40.390488441514549 -3.669786954593047 
40.400304888007561 -3.683023718538689 40.401753101277485 -3.678410844669187 40.407115785525377 -3.675487518398683 40.409173212615421 -3.674800259058389 40.412808259863645 -3.675666348724748 40.413942423370344 -3.682239030191426 40.401853957042967 -3.685322054278802 40.400304888007561 -3.683023718538689 
40.401753101277485 -3.678410844669187 40.398640108913163 -3.672317135890839 40.400575483041713 -3.671341171271059 40.407115785525377 -3.675487518398683 40.401753101277485 -3.678410844669187 
40.400356349911739 -3.646683261970200 40.357407410145754 -3.655526545489360 40.357204782338449 -3.655360446784874 40.396591281277104 -3.638439844641404 40.399132675563173 -3.641141622584513 40.400356349911739 -3.646683261970200 
40.448492719140532 -3.686486656724422 40.448524360272359 -3.686476095980300 40.448418952731217 -3.696765507872510 40.448387585878272 -3.696749311012893 40.448492719140532 -3.686486656724422 
40.448524360272359 -3.686476095980300 40.448492719140532 -3.686486656724422 40.444604076466661 -3.687772017032549 40.441247770192959 -3.685270063112529 40.439890925706479 -3.684092452641592 40.440305173930412 -3.681008952838422 40.442170997873774 -3.679560183480359 40.450163726768707 -3.680210934884143 40.452264504255723 -3.682617300923320 40.449366455947718 -3.686191413006076 40.448524360272359 -3.686476095980300 
40.448418952731217 -3.696765507872510 40.448524360272359 -3.686476095980300 40.449366455947718 -3.686191413006076 40.453228061760974 -3.695609855100755 40.449627369411481 -3.696838132323376 40.448618474774605 -3.696869345596727 40.448418952731217 -3.696765507872510 
40.463550024131536 -3.704958009632629 40.456092931501708 -3.695154009814011 40.457260579153086 -3.693824113917109 40.462069947614907 -3.692604123482646 40.467910410348544 -3.699677799624430 40.469140814114283 -3.704280326905912 40.468991237067520 -3.704777657195198 40.465685533001420 -3.705573992021049 40.463550024131536 -3.704958009632629 
40.456092931501708 -3.695154009814011 40.463550024131536 -3.704958009632629 40.454565095890317 -3.707064199197848 40.453729697927379 -3.695658289142761 40.456092931501708 -3.695154009814011 
40.454565095890317 -3.707064199197848 40.463550024131536 -3.704958009632629 40.465685533001420 -3.705573992021049 40.458571918204179 -3.722107788158795 40.453264619919523 -3.714536609382387 40.453326820471347 -3.707902391492651 40.454565095890317 -3.707064199197848 
40.456092931501708 -3.695154009814011 40.453729697927379 -3.695658289142761 40.453228061760974 -3.695609855100755 40.449366455947718 -3.686191413006076 40.452264504255723 -3.682617300923320 40.456405614794498 -3.682572868039751 40.457260579153086 -3.693824113917109 40.456092931501708 -3.695154009814011 
40.453729697927379 -3.695658289142761 40.454565095890317 -3.707064199197848 40.453326820471347 -3.707902391492651 40.451454189176630 -3.707073710136217 40.450592840602305 -3.702687948700158 40.450583151031992 -3.702634823865650 40.449627369411481 -3.696838132323376 40.453228061760974 -3.695609855100755 40.453729697927379 -3.695658289142761 
40.456405614794498 -3.682572868039751 40.452264504255723 -3.682617300923320 40.450163726768707 -3.680210934884143 40.449575598752567 -3.675163033638392 40.450803576006855 -3.671683954153828 40.455136714123562 -3.670220422525533 40.456523310225066 -3.682507026776721 40.456405614794498 -3.682572868039751 
40.453264619919523 -3.714536609382387 40.458571918204179 -3.722107788158795 40.459441273183856 -3.726743326768511 40.442608156167196 -3.720170989464430 40.442604224768139 -3.717929097291348 40.445147840080168 -3.714634988447595 40.448183265479514 -3.714588602675413 40.453264619919523 -3.714536609382387 
40.453326820471347 -3.707902391492651 40.453264619919523 -3.714536609382387 40.448183265479514 -3.714588602675413 40.448264926157485 -3.706840076554984 40.451454189176630 -3.707073710136217 40.453326820471347 -3.707902391492651 
40.458571918204179 -3.722107788158795 40.465685533001420 -3.705573992021049 40.468991237067520 -3.704777657195198 40.471952058329769 -3.707564295033141 40.463370587951729 -3.734471682515442 40.459441273183856 -3.726743326768511 40.458571918204179 -3.722107788158795 
40.464650228655294 -3.689631274567886 40.469235427548291 -3.691561094061556 40.467910410348544 -3.699677799624430 40.462069947614907 -3.692604123482646 40.464650228655294 -3.689631274567886 
40.468500090377695 -3.749513675473200 40.463370587951729 -3.734471682515442 40.471952058329769 -3.707564295033141 40.472416410579356 -3.707777248551166 40.476739167487253 -3.720936404358005 40.476222948273673 -3.728151937908376 40.468500090377695 -3.749513675473200 
40.460444147805703 -3.667025781397161 40.463430097881471 -3.681361585515883 40.463317027579414 -3.681876464748030 40.458115534839230 -3.682252219708513 40.459650175631324 -3.667224970800527 40.460444147805703 -3.667025781397161 
40.459650175631324 -3.667224970800527 40.458115534839230 -3.682252219708513 40.456523310225066 -3.682507026776721 40.455136714123562 -3.670220422525533 40.458137911724528 -3.667495804649823 40.459650175631324 -3.667224970800527 
40.458137911724528 -3.667495804649823 40.455136714123562 -3.670220422525533 40.450803576006855 -3.671683954153828 40.445610573087770 -3.668632240328862 40.444512490752146 -3.666325050660092 40.448231368659179 -3.659706637809957 40.458137911724528 -3.667495804649823 
40.397233055818532 -3.691546820981512 40.401820517692911 -3.685933102689651 40.403415768032637 -3.688144989523108 40.403316490385734 -3.697826316835687 40.398369494272437 -3.700871042689915 40.398199779066900 -3.700925156248337 40.397512566521215 -3.694412065380364 40.397233055818532 -3.691546820981512 
40.403415768032637 -3.688144989523108 40.401820517692911 -3.685933102689651 40.401853957042967 -3.685322054278802 40.413942423370344 -3.682239030191426 40.414476478963984 -3.682822928179067 40.415119839281239 -3.685645461863730 40.407555435021287 -3.691142560497165 40.403415768032637 -3.688144989523108 
40.441247770192959 -3.685270063112529 40.438579047788643 -3.694013032248131 40.435681617785079 -3.693030472638780 40.439029656278450 -3.684563215120068 40.439890925706479 -3.684092452641592 40.441247770192959 -3.685270063112529 
40.439029656278450 -3.684563215120068 40.435681617785079 -3.693030472638780 40.435015245260651 -3.693154959450236 40.431331800011947 -3.689880847361672 40.430892314899019 -3.687560081036484 40.431876533885820 -3.684946759969566 40.439029656278450 -3.684563215120068 
40.439890925706479 -3.684092452641592 40.439029656278450 -3.684563215120068 40.431876533885820 -3.684946759969566 40.430856178726209 -3.683096315506985 40.430800178781006 -3.681798509055334 40.435907341534012 -3.677571504853280 40.436618312745551 -3.677747963708426 40.440305173930412 -3.681008952838422 40.439890925706479 -3.684092452641592 
40.432480736075334 -3.710981805404561 40.433528735867441 -3.709535909911664 40.432437632935965 -3.715053027089910 40.432480736075334 -3.710981805404561 
40.434109719348029 -3.699757553405050 40.429406508825082 -3.700666520741160 40.429386013836002 -3.700603932100443 40.429430495330969 -3.697595928935575 40.433244791343540 -3.697334243955155 40.434109719348029 -3.699757553405050 
40.433244791343540 -3.697334243955155 40.429430495330969 -3.697595928935575 40.428621147220255 -3.697189599170289 40.430285079790494 -3.694455645493893 40.434691246955062 -3.693697857699902 40.433244791343540 -3.697334243955155 
40.434691246955062 -3.693697857699902 40.430285079790494 -3.694455645493893 40.427394510822353 -3.692693860786643 40.431331800011947 -3.689880847361672 40.435015245260651 -3.693154959450236 40.434691246955062 -3.693697857699902 
40.431876533885820 -3.684946759969566 40.430892314899019 -3.687560081036484 40.424570096857970 -3.687535505328726 40.424852336881820 -3.683744654658531 40.430856178726209 -3.683096315506985 40.431876533885820 -3.684946759969566 
40.418675739270086 -3.705137537519733 40.418731181313703 -3.699803531047575 40.418762616194549 -3.699812979851371 40.418707340018912 -3.705131019952541 40.418675739270086 -3.705137537519733 
40.418707340018912 -3.705131019952541 40.418762616194549 -3.699812979851371 40.419769039220306 -3.700108685357375 40.420881974129522 -3.702489280114031 40.418940123173051 -3.705084051117351 40.418707340018912 -3.705131019952541 
40.419769039220306 -3.700108685357375 40.421896058270406 -3.698501140945671 40.421854955238622 -3.702463364040347 40.420881974129522 -3.702489280114031 40.419769039220306 -3.700108685357375 
40.416455795160658 -3.708095772033746 40.416468146908272 -3.708025126617819 40.421871428605108 -3.708058217490764 40.421902050551971 -3.708129129418452 40.416455795160658 -3.708095772033746 
40.436915831370570 -3.713900799647535 40.442604224768139 -3.717929097291348 40.442608156167196 -3.720170989464430 40.436776951915462 -3.726952586315547 40.436915831370570 -3.713900799647535 
40.445147840080168 -3.714634988447595 40.443811241397398 -3.707916485420973 40.445095604091847 -3.706594164882463 40.448264926157485 -3.706840076554984 40.448183265479514 -3.714588602675413 40.445147840080168 -3.714634988447595 
40.437529152301117 -3.644294034774711 40.434135907081824 -3.642736954087549 40.435769732721781 -3.637707266388724 40.437582956719275 -3.638633724442385 40.437529152301117 -3.644294034774711 
40.434135907081824 -3.642736954087549 40.437529152301117 -3.644294034774711 40.440505615756400 -3.645683638975311 40.435715523181976 -3.651377073384184 40.433494281260295 -3.651010068793692 40.430597517010519 -3.644633633179268 40.434135907081824 -3.642736954087549 
40.437529152301117 -3.644294034774711 40.437582956719275 -3.638633724442385 40.446890231283540 -3.643317074310447 40.440505615756400 -3.645683638975311 40.437529152301117 -3.644294034774711 
40.433494281260295 -3.651010068793692 40.435715523181976 -3.651377073384184 40.439499620697418 -3.656263422273191 40.436888373473927 -3.659922560736621 40.424401271207486 -3.657835332006398 40.424385416623423 -3.657822380234317 40.433494281260295 -3.651010068793692 
40.439499620697418 -3.656263422273191 40.447761824190437 -3.655998179713157 40.448231368659179 -3.659706637809957 40.444512490752146 -3.666325050660092 40.437403580971235 -3.666242238020229 40.437382677555320 -3.666228611697119 40.437071029029035 -3.662384524613126 40.436888373473927 -3.659922560736621 40.439499620697418 -3.656263422273191 
40.400575483041713 -3.671341171271059 40.404505457799644 -3.668169623331218 40.409173212615421 -3.674800259058389 40.407115785525377 -3.675487518398683 40.400575483041713 -3.671341171271059 
40.409173212615421 -3.674800259058389 40.404505457799644 -3.668169623331218 40.405470805449056 -3.661883839882823 40.412536022114651 -3.665572884031552 40.413534860335510 -3.674651354137147 40.412808259863645 -3.675666348724748 40.409173212615421 -3.674800259058389 
40.413942423370344 -3.682239030191426 40.412808259863645 -3.675666348724748 40.413534860335510 -3.674651354137147 40.416875324167897 -3.673412231012850 40.421329029443712 -3.671777802630980 40.421570251837053 -3.671886485238690 40.423297320160650 -3.675860204557154 40.421532007807627 -3.681066037959631 40.414476478963984 -3.682822928179067 40.413942423370344 -3.682239030191426 
40.444512490752146 -3.666325050660092 40.445610573087770 -3.668632240328862 40.442815188340447 -3.673716836759626 40.439065779854936 -3.672583238580034 40.437956074656384 -3.670738952721416 40.437403580971235 -3.666242238020229 40.444512490752146 -3.666325050660092 
40.445610573087770 -3.668632240328862 40.450803576006855 -3.671683954153828 40.449575598752567 -3.675163033638392 40.443242865460739 -3.675310788563968 40.443240244680112 -3.675301656159320 40.443223863175049 -3.675242605150099 40.442815188340447 -3.673716836759626 40.445610573087770 -3.668632240328862 
40.449575598752567 -3.675163033638392 40.450163726768707 -3.680210934884143 40.442170997873774 -3.679560183480359 40.443229847674331 -3.675360550747307 40.443242865460739 -3.675310788563968 40.449575598752567 -3.675163033638392 
40.448618474774605 -3.696869345596727 40.449627369411481 -3.696838132323376 40.450583151031992 -3.702634823865650 40.445700896890308 -3.702605148170449 40.448618474774605 -3.696869345596727 
40.422769034897648 -3.689473002938207 40.416801825348877 -3.688733965915781 40.415119839281239 -3.685645461863730 40.414476478963984 -3.682822928179067 40.421532007807627 -3.681066037959631 40.423588774438919 -3.681952208582715 40.424852336881820 -3.683744654658531 40.424570096857970 -3.687535505328726 40.422769034897648 -3.689473002938207 
40.430856178726209 -3.683096315506985 40.424852336881820 -3.683744654658531 40.423588774438919 -3.681952208582715 40.425264793321354 -3.680696304005681 40.429162256488880 -3.679444996870541 40.430800178781006 -3.681798509055334 40.430856178726209 -3.683096315506985 
40.442170997873774 -3.679560183480359 40.440305173930412 -3.681008952838422 40.436618312745551 -3.677747963708426 40.437831032490855 -3.675329011151964 40.443229847674331 -3.675360550747307 40.442170997873774 -3.679560183480359 
40.420881974129522 -3.702489280114031 40.421854955238622 -3.702463364040347 40.422006803194584 -3.702460383575350 40.421971298195551 -3.705864220743251 40.421151603256263 -3.706302353907130 40.418940123173051 -3.705084051117351 40.420881974129522 -3.702489280114031 
40.422877687985590 -3.657511631407305 40.424385416623423 -3.657822380234317 40.424401271207486 -3.657835332006398 40.427206474619062 -3.662328006447205 40.427807850615018 -3.663302611046766 40.427238037831451 -3.667945272785104 40.426875513983376 -3.670688654545575 40.421570251837053 -3.671886485238690 40.421329029443712 -3.671777802630980 40.420178462564316 -3.662039916942692 40.422877687985590 -3.657511631407305 
40.436888373473927 -3.659922560736621 40.437071029029035 -3.662384524613126 40.427206474619062 -3.662328006447205 40.424401271207486 -3.657835332006398 40.436888373473927 -3.659922560736621 
40.427206474619062 -3.662328006447205 40.437071029029035 -3.662384524613126 40.437382677555320 -3.666228611697119 40.434466762805563 -3.666877341306144 40.427807850615018 -3.663302611046766 40.427206474619062 -3.662328006447205 
40.445095604091847 -3.706594164882463 40.444834750635160 -3.704240388466033 40.445673364082367 -3.702658044497852 40.450592840602305 -3.702687948700158 40.451454189176630 -3.707073710136217 40.448264926157485 -3.706840076554984 40.445095604091847 -3.706594164882463 
40.423588774438919 -3.681952208582715 40.421532007807627 -3.681066037959631 40.423297320160650 -3.675860204557154 40.423537700785097 -3.675951501859062 40.425607164084916 -3.677132327087330 40.425264793321354 -3.680696304005681 40.423588774438919 -3.681952208582715 
40.421570251837053 -3.671886485238690 40.426875513983376 -3.670688654545575 40.428420283799092 -3.671469750548853 40.428744700242007 -3.674493867903291 40.423537700785097 -3.675951501859062 40.423297320160650 -3.675860204557154 40.421570251837053 -3.671886485238690 
40.428420283799092 -3.671469750548853 40.426875513983376 -3.670688654545575 40.427238037831451 -3.667945272785104 40.433649581479173 -3.667982317210325 40.431575425250358 -3.670823027824856 40.428420283799092 -3.671469750548853 
40.423537700785097 -3.675951501859062 40.428744700242007 -3.674493867903291 40.429448126263871 -3.676620853756739 40.428913951318826 -3.677749489991177 40.425607164084916 -3.677132327087330 40.423537700785097 -3.675951501859062 
40.428744700242007 -3.674493867903291 40.428420283799092 -3.671469750548853 40.431575425250358 -3.670823027824856 40.431745480264240 -3.671082912835528 40.433394894534977 -3.675665010984821 40.429448126263871 -3.676620853756739 40.428744700242007 -3.674493867903291 
40.437382677555320 -3.666228611697119 40.437403580971235 -3.666242238020229 40.437956074656384 -3.670738952721416 40.435557450113812 -3.672788051918926 40.431745480264240 -3.671082912835528 40.431575425250358 -3.670823027824856 40.433649581479173 -3.667982317210325 40.434466762805563 -3.666877341306144 40.437382677555320 -3.666228611697119 
40.427807850615018 -3.663302611046766 40.434466762805563 -3.666877341306144 40.433649581479173 -3.667982317210325 40.427238037831451 -3.667945272785104 40.427807850615018 -3.663302611046766 
40.437956074656384 -3.670738952721416 40.439065779854936 -3.672583238580034 40.437886876213597 -3.675211432195739 40.437859470070038 -3.675270224701242 40.437831032490855 -3.675329011151964 40.436618312745551 -3.677747963708426 40.435907341534012 -3.677571504853280 40.434545102428139 -3.676166885487327 40.435557450113812 -3.672788051918926 40.437956074656384 -3.670738952721416 
40.439065779854936 -3.672583238580034 40.442815188340447 -3.673716836759626 40.443223863175049 -3.675242605150099 40.437886876213597 -3.675211432195739 40.439065779854936 -3.672583238580034 
40.443242865460739 -3.675310788563968 40.443229847674331 -3.675360550747307 40.437831032490855 -3.675329011151964 40.437859470070038 -3.675270224701242 40.443240244680112 -3.675301656159320 40.443242865460739 -3.675310788563968 
40.424800619004735 -3.702372917577547 40.425201031249095 -3.703027998274064 40.424658910827539 -3.704480028418315 40.421971298195551 -3.705864220743251 40.422006803194584 -3.702460383575350 40.424800619004735 -3.702372917577547 
40.420178462564316 -3.662039916942692 40.421329029443712 -3.671777802630980 40.416875324167897 -3.673412231012850 40.416973093716273 -3.663530336452258 40.420178462564316 -3.662039916942692 
40.445700896890308 -3.702605148170449 40.450583151031992 -3.702634823865650 40.450592840602305 -3.702687948700158 40.445673364082367 -3.702658044497852 40.445700896890308 -3.702605148170449 
40.435907341534012 -3.677571504853280 40.430800178781006 -3.681798509055334 40.429162256488880 -3.679444996870541 40.428913951318826 -3.677749489991177 40.429448126263871 -3.676620853756739 40.433394894534977 -3.675665010984821 40.434545102428139 -3.676166885487327 40.435907341534012 -3.677571504853280 
40.431745480264240 -3.671082912835528 40.435557450113812 -3.672788051918926 40.434545102428139 -3.676166885487327 40.433394894534977 -3.675665010984821 40.431745480264240 -3.671082912835528 
40.437886876213597 -3.675211432195739 40.443223863175049 -3.675242605150099 40.443240244680112 -3.675301656159320 40.437859470070038 -3.675270224701242 40.437886876213597 -3.675211432195739 
40.416875324167897 -3.673412231012850 40.413534860335510 -3.674651354137147 40.412536022114651 -3.665572884031552 40.416973093716273 -3.663530336452258 40.416875324167897 -3.673412231012850 
40.428913951318826 -3.677749489991177 40.429162256488880 -3.679444996870541 40.425264793321354 -3.680696304005681 40.425607164084916 -3.677132327087330 40.428913951318826 -3.677749489991177 
